COPYRI

1111111111111111111111111111111111181116111111
11111111111111111111111111161 1111111161111111
11111111111111116111111111111 11111161 16111111 11111111
611 6111111111 11161 1111111111611111 111111111111161,
conventi 11,1 1111161 111111661116111,1 111111 111111

[1116116111111111111111111116111111111111611 ¹
1111 111111116111 11111 1111111111111111111 1111611
condit1 111111111 111111 1116111111 111111111 1611111111
11111111611111611111111111111161111111,1111111111111
1111111611111116111111161,1111111111111111611
”111111,111111111116111111116 1111116 1111111111

11111111111111111116161161111111 11111111111611161
1111111611 1111111111111111 111 111161 161111111111111

 

